11
10
2
0.000058
0.000001
0.000001
0.000001
0.000001
0.000001
0.000001
0.000001
0.000001
0.000001
3
0.000047
0.000010
0.000001
0.000001
0.000001
0.000001
0.000001
0.000001
0.000001
0.000001
4
0.000196
0.000001
0.000001
0.000001
0.000001
0.000001
0.000001
0.000001
0.000001
0.000001
5
0.000083
0.000013
0.000001
0.000001
0.000001
0.000001
0.000003
0.000001
0.000001
0.000001
6
0.006677
0.009555
0.001400
0.000221
0.000005
0.000005
0.000005
0.001470
0.000008
0.000014
7
0.002747
0.000100
0.000853
0.001111
0.000259
0.000242
0.000340
0.000259
0.000203
0.000224
8
0.000744
0.000714
0.000718
0.000679
0.000572
0.000813
0.000709
0.000943
0.000722
0.000729
9
0.005005
0.007506
0.004861
0.004205
0.004260
0.007404
0.002467
0.002907
0.005092
0.004332
10
0.034733
0.027896
0.026860
0.027152
0.026766
0.027042
0.026295
0.028259
0.025772
0.029678
11
0.229590
0.293700
0.308781
0.340466
0.338417
0.297009
0.239473
0.284200
0.290112
0.243945
12
2.569524
2.603351
2.636320
2.568384
2.653637
2.624187
2.654009
2.597888
2.521865
2.666805
