11
10
2
0.000001
0.000001
0.000001
0.000001
0.000001
0.000001
0.000001
0.000001
0.000001
0.000001
3
0.000001
0.000001
0.000001
0.000001
0.000001
0.000001
0.000001
0.000001
0.000001
0.000001
4
0.000001
0.000001
0.000001
0.000001
0.000001
0.000001
0.000001
0.000001
0.000001
0.000001
5
0.000003
0.000003
0.000003
0.000003
0.000003
0.000003
0.000003
0.000003
0.000003
0.000003
6
0.000026
0.000015
0.000027
0.000019
0.000026
0.000017
0.000026
0.000025
0.000026
0.000017
7
0.000155
0.000144
0.000147
0.000150
0.000144
0.000161
0.000150
0.000147
0.000196
0.000154
8
0.001178
0.001184
0.001189
0.001254
0.001179
0.001165
0.001221
0.001207
0.001250
0.001992
9
0.011307
0.011215
0.011427
0.011247
0.011143
0.011224
0.010400
0.010313
0.010203
0.010309
10
0.108705
0.098114
0.114108
0.105226
0.098580
0.097745
0.096771
0.096263
0.098105
0.100752
11
1.085337
1.120323
1.136017
1.155232
1.150957
1.071892
1.079143
1.076173
1.066188
1.082458
12
13.305944
13.463466
12.955789
13.242119
13.029586
13.417451
13.025322
13.039516
12.797180
12.767934
